0.333333
5.006 
3.428 
1.462 
0.246 

				0.121764 
0.097232 
0.016028 
0.010124 

				0.097232 
0.140816 
0.011464 
0.009112 

				0.016028 
0.011464 
0.029556 
0.005948 

				0.010124 
0.009112 
0.005948 
0.010884 


0.333333
5.936 
2.77 
4.26 
1.326 

				0.261104 
0.08348 
0.17924 
0.054664 

				0.08348 
0.0965 
0.081 
0.04038 

				0.17924 
0.081 
0.2164 
0.07164 

				0.054664 
0.04038 
0.07164 
0.038324 


0.333333
6.588 
2.974 
5.552 
2.026 

				0.396256 
0.091888 
0.297224 
0.048112 

				0.091888 
0.101924 
0.069952 
0.046676 

				0.297224 
0.069952 
0.298496 
0.047848 

				0.048112 
0.046676 
0.047848 
0.073924 



